124284901342011242849013420112428490134201
1242849013420112428490134201
1242849013420112428490134201124284901342011242849013420112428490134201124284901342011242849013420112428490134201  124284901342011242849013420112428490134201
                12428490134201          12428490134201
                            12428490134201  124284901342011242849013420112428490134201
                                            1242849013420112428490134201
                                            1242849013420112428490134201124284901342011242849013420112428490134201124284901342011242849013420112428490134201  124284901342011242849013420112428490134201
                                                            12428490134201          12428490134201
                                                                        12428490134201  124284901342011242849013420112428490134201
                                                                                        1242849013420112428490134201
                                                                                        1242849013420112428490134201124284901342011242849013420112428490134201124284901342011242849013420112428490134201  124284901342011242849013420112428490134201
                                                                                                        12428490134201          12428490134201
                                                                                                                    12428490134201  124284901342011242849013420112428490134201
                                                                                                                                    1242849013420112428490134201
                                                                                                                                    1242849013420112428490134201124284901342011242849013420112428490134201124284901342011242849013420112428490134201  124284901342011242849013420112428490134201
                                                                                                                                                    12428490134201          12428490134201
                                                                                                                                                                12428490134201124284901342011242849013420112428490134201
                                                                                                                                                                              1242849013420112428490134201
                                                                                                                                                                              1242849013420112428490134201124284901342011242849013420112428490134201124284901342011242849013420112428490134201  124284901342011242849013420112428490134201
                                                                                                                                                                                              12428490134201          12428490134201
                                                                                                                                                                                                          12428490134201  124284901342011242849013420112428490134201
                                                                                                                                                                                                                          1242849013420112428490134201
                                                                                                                                                                                                                          1242849013420112428490134201124284901342011242849013420112428490134201124284901342011242849013420112428490134201  124284901342011242849013420112428490134201
                                                                                                                                                                                                                                          12428490134201          12428490134201
                                                                                                                                                                                                                                                      12428490134201  124284901342011242849013420112428490134201
                                                                                                                                                                                                                                                                      1242849013420112428490134201
                                                                                                                                                                                                                                                                      1242849013420112428490134201124284901342011242849013420112428490134201124284901342011242849013420112428490134201  124284901342011242849013420112428490134201
                                                                                                                                                                                                                                                                                      12428490134201          12428490134201
                                                                                                                                                                                                                                                                                                  12428490134201  124284901342011242849013420112428490134201
                                                                                                                                                                                                                                                                                                                  1242849013420112428490134201
                                                                                                                                                                                                                                                                                                                  1242849013420112428490134201124284901342011242849013420112428490134201124284901342011242849013420112428490134201  124284901342011242849013420112428490134201
                                                                                                                                                                                                                                                                                                                                  12428490134201          12428490134201
                                                                                                                                                                                                                                                                                                                                              12428490134201124284901342011242849013420112428490134201
                                                                                                                                                                                                                                                                                                                                                            1242849013420112428490134201
                                                                                                                                                                                                                                                                                                                                                            1242849013420112428490134201124284901342011242849013420112428490134201124284901342011242849013420112428490134201  124284901342011242849013420112428490134201
                                                                                                                                                                                                                                                                                                                                                                            12428490134201          12428490134201
                                                                                                                                                                                                                                                                                                                                                                                        12428490134201  124284901342011242849013420112428490134201
                                                                                                                                                                                                                                                                                                                                                                                                        1242849013420112428490134201
                                                                                                                                                                                                                                                                                                                                                                                                        1242849013420112428490134201124284901342011242849013420112428490134201124284901342011242849013420112428490134201  124284901342011242849013420112428490134201
                                                                                                                                                                                                                                                                                                                                                                                                                        12428490134201          12428490134201
                                                                                                                                                                                                                                                                                                                                                                                                                                    12428490134201  124284901342011242849013420112428490134201
                                                                                                                                                                                                                                                                                                                                                                                                                                                    1242849013420112428490134201
                                                                                                                                                                                                                                                                                                                                                                                                                                                    1242849013420112428490134201124284901342011242849013420112428490134201124284901342011242849013420112428490134201  124284901342011242849013420112428490134201
                                                                                                                                                                                                                                                                                                                                                                                                                                                                    12428490134201          12428490134201
                                                                                                                                                                                                                                                                                                                                                                                                                                                                                12428490134201  124284901342011242849013420112428490134201
                                                                                                                                                                                                                                                                                                                                                                                                                                                                                                1242849013420112428490134201
                                                                                                                                                                                                                                                                                                                                                                                                                                                                                                1242849013420112428490134201124284901342011242849013420112428490134201124284901342011242849013420112428490134201  124284901342011242849013420112428490134201
                                                                                                                                                                                                                                                                                                                                                                                                                                                                                                                12428490134201          12428490134201
                                                                                                                                                                                                                                                                                                                                                                                                                                                                                                                            12428490134201124284901342011242849013420112428490134201
                                                                                                                                                                                                                                                                                                                                                                                                                                                                                                                                          1242849013420112428490134201
                                                                                                                                                                                                                                                                                                                                                                                                                                                                                                                                          1242849013420112428490134201124284901342011242849013420112428490134201124284901342011242849013420112428490134201  124284901342011242849013420112428490134201
                                                                                                                                                                                                                                                                                                                                                                                                                                                                                                                                                          12428490134201          12428490134201
                                                                                                                                                                                                                                                                                                                                                                                                                                                                                                                                                                      12428490134201  124284901342011242849013420112428490134201
                                                                                                                                                                                                                                                                                                                                                                                                                                                                                                                                                                                      1242849013420112428490134201
                                                                                                                                                                                                                                                                                                                                                                                                                                                                                                                                                                                      1242849013420112428490134201124284901342011242849013420112428490134201124284901342011242849013420112428490134201  124284901342011242849013420112428490134201
                                                                                                                                                                                                                                                                                                                                                                                                                                                                                                                                                                                                      12428490134201          12428490134201
                                                                                                                                                                                                                                                                                                                                                                                                                                                                                                                                                                                                                  12428490134201  124284901342011242849013420112428490134201
                                                                                                                                                                                                                                                                                                                                                                                                                                                                                                                                                                                                                                  1242849013420112428490134201
                                                                                                                                                                                                                                                                                                                                                                                                                                                                                                                                                                                                                                  1242849013420112428490134201124284901342011242849013420112428490134201124284901342011242849013420112428490134201  124284901342011242849013420112428490134201
                                                                                                                                                                                                                                                                                                                                                                                                                                                                                                                                                                                                                                                  12428490134201          12428490134201
                                                                                                                                                                                                                                                                                                                                                                                                                                                                                                                                                                                                                                                              12428490134201  124284901342011242849013420112428490134201
                                                                                                                                                                                                                                                                                                                                                                                                                                                                                                                                                                                                                                                                              1242849013420112428490134201
                                                                                                                                                                                                                                                                                                                                                                                                                                                                                                                                                                                                                                                                              1242849013420112428490134201124284901342011242849013420112428490134201124284901342011242849013420112428490134201  124284901342011242849013420112428490134201
                                                                                                                                                                                                                                                                                                                                                                                                                                                                                                                                                                                                                                                                                              12428490134201          12428490134201
                                                                                                                                                                                                                                                                                                                                                                                                                                                                                                                                                                                                                                                                                                          12428490134201124284901342011242849013420112428490134201
                                                                                                                                                                                                                                                                                                                                                                                                                                                                                                                                                                                                                                                                                                                        1242849013420112428490134201
                                                                                                                                                                                                                                                                                                                                                                                                                                                                                                                                                                                                                                                                                                                        1242849013420112428490134201124284901342011242849013420112428490134201124284901342011242849013420112428490134201  124284901342011242849013420112428490134201
                                                                                                                                                                                                                                                                                                                                                                                                                                                                                                                                                                                                                                                                                                                                        12428490134201          12428490134201
                                                                                                                                                                                                                                                                                                                                                                                                                                                                                                                                                                                                                                                                                                                                                    12428490134201  124284901342011242849013420112428490134201
                                                                                                                                                                                                                                                                                                                                                                                                                                                                                                                                                                                                                                                                                                                                                                    1242849013420112428490134201
                                                                                                                                                                                                                                                                                                                                                                                                                                                                                                                                                                                                                                                                                                                                                                    1242849013420112428490134201124284901342011242849013420112428490134201124284901342011242849013420112428490134201  124284901342011242849013420112428490134201
                                                                                                                                                                                                                                                                                                                                                                                                                                                                                                                                                                                                                                                                                                                                                                                    12428490134201          12428490134201
                                                                                                                                                                                                                                                                                                                                                                                                                                                                                                                                                                                                                                                                                                                                                                                                12428490134201  124284901342011242849013420112428490134201
                                                                                                                                                                                                                                                                                                                                                                                                                                                                                                                                                                                                                                                                                                                                                                                                                1242849013420112428490134201
                                                                                                                                                                                                                                                                                                                                                                                                                                                                                                                                                                                                                                                                                                                                                                                                                1242849013420112428490134201124284901342011242849013420112428490134201124284901342011242849013420112428490134201  124284901342011242849013420112428490134201
                                                                                                                                                                                                                                                                                                                                                                                                                                                                                                                                                                                                                                                                                                                                                                                                                                12428490134201          12428490134201
                                                                                                                                                                                                                                                                                                                                                                                                                                                                                                                                                                                                                                                                                                                                                                                                                                            12428490134201  124284901342011242849013420112428490134201
                                                                                                                                                                                                                                                                                                                                                                                                                                                                                                                                                                                                                                                                                                                                                                                                                                                            1242849013420112428490134201
                                                                                                                                                                                                                                                                                                                                                                                                                                                                                                                                                                                                                                                                                                                                                                                                                                                            1242849013420112428490134201124284901342011242849013420112428490134201124284901342011242849013420112428490134201  124284901342011242849013420112428490134201
                                                                                                                                                                                                                                                                                                                                                                                                                                                                                                                                                                                                                                                                                                                                                                                                                                                                            12428490134201          12428490134201
                                                                                                                                                                                                                                                                                                                                                                                                                                                                                                                                                                                                                                                                                                                                                                                                                                                                                        12428490134201124284901342011242849013420112428490134201
                                                                                                                                                                                                                                                                                                                                                                                                                                                                                                                                                                                                                                                                                                                                                                                                                                                                                                      1242849013420112428490134201
                                                                                                                                                                                                                                                                                                                                                                                                                                                                                                                                                                                                                                                                                                                                                                                                                                                                                                      1242849013420112428490134201124284901342011242849013420112428490134201124284901342011242849013420112428490134201  124284901342011242849013420112428490134201
                                                                                                                                                                                                                                                                                                                                                                                                                                                                                                                                                                                                                                                                                                                                                                                                                                                                                                                      12428490134201          12428490134201
                                                                                                                                                                                                                                                                                                                                                                                                                                                                                                                                                                                                                                                                                                                                                                                                                                                                                                                                  12428490134201  124284901342011242849013420112428490134201
                                                                                                                                                                                                                                                                                                                                                                                                                                                                                                                                                                                                                                                                                                                                                                                                                                                                                                                                                  1242849013420112428490134201
                                                                                                                                                                                                                                                                                                                                                                                                                                                                                                                                                                                                                                                                                                                                                                                                                                                                                                                                                  1242849013420112428490134201124284901342011242849013420112428490134201124284901342011242849013420112428490134201  124284901342011242849013420112428490134201
                                                                                                                                                                                                                                                                                                                                                                                                                                                                                                                                                                                                                                                                                                                                                                                                                                                                                                                                                                  12428490134201          12428490134201
                                                                                                                                                                                                                                                                                                                                                                                                                                                                                                                                                                                                                                                                                                                                                                                                                                                                                                                                                                              12428490134201  124284901342011242849013420112428490134201
                                                                                                                                                                                                                                                                                                                                                                                                                                                                                                                                                                                                                                                                                                                                                                                                                                                                                                                                                                                              1242849013420112428490134201
                                                                                                                                                                                                                                                                                                                                                                                                                                                                                                                                                                                                                                                                                                                                                                                                                                                                                                                                                                                              1242849013420112428490134201124284901342011242849013420112428490134201124284901342011242849013420112428490134201  124284901342011242849013420112428490134201
                                                                                                                                                                                                                                                                                                                                                                                                                                                                                                                                                                                                                                                                                                                                                                                                                                                                                                                                                                                                              12428490134201          12428490134201
                                                                                                                                                                                                                                                                                                                                                                                                                                                                                                                                                                                                                                                                                                                                                                                                                                                                                                                                                                                                                          12428490134201  124284901342011242849013420112428490134201
                                                                                                                                                                                                                                                                                                                                                                                                                                                                                                                                                                                                                                                                                                                                                                                                                                                                                                                                                                                                                                          1242849013420112428490134201
                                                                                                                                                                                                                                                                                                                                                                                                                                                                                                                                                                                                                                                                                                                                                                                                                                                                                                                                                                                                                                          1242849013420112428490134201124284901342011242849013420112428490134201124284901342011242849013420112428490134201  124284901342011242849013420112428490134201
                                                                                                                                                                                                                                                                                                                                                                                                                                                                                                                                                                                                                                                                                                                                                                                                                                                                                                                                                                                                                                                          12428490134201          12428490134201
                                                                                                                                                                                                                                                                                                                                                                                                                                                                                                                                                                                                                                                                                                                                                                                                                                                                                                                                                                                                                                                                      12428490134201124284901342011242849013420112428490134201
                                                                                                                                                                                                                                                                                                                                                                                                                                                                                                                                                                                                                                                                                                                                                                                                                                                                                                                                                                                                                                                                                    1242849013420112428490134201
                                                                                                                                                                                                                                                                                                                                                                                                                                                                                                                                                                                                                                                                                                                                                                                                                                                                                                                                                                                                                                                                                    1242849013420112428490134201124284901342011242849013420112428490134201124284901342011242849013420112428490134201  124284901342011242849013420112428490134201
                                                                                                                                                                                                                                                                                                                                                                                                                                                                                                                                                                                                                                                                                                                                                                                                                                                                                                                                                                                                                                                                                                    12428490134201          12428490134201
                                                                                                                                                                                                                                                                                                                                                                                                                                                                                                                                                                                                                                                                                                                                                                                                                                                                                                                                                                                                                                                                                                                12428490134201  124284901342011242849013420112428490134201
                                                                                                                                                                                                                                                                                                                                                                                                                                                                                                                                                                                                                                                                                                                                                                                                                                                                                                                                                                                                                                                                                                                                1242849013420112428490134201
                                                                                                                                                                                                                                                                                                                                                                                                                                                                                                                                                                                                                                                                                                                                                                                                                                                                                                                                                                                                                                                                                                                                1242849013420112428490134201124284901342011242849013420112428490134201124284901342011242849013420112428490134201  124284901342011242849013420112428490134201
                                                                                                                                                                                                                                                                                                                                                                                                                                                                                                                                                                                                                                                                                                                                                                                                                                                                                                                                                                                                                                                                                                                                                12428490134201          12428490134201
                                                                                                                                                                                                                                                                                                                                                                                                                                                                                                                                                                                                                                                                                                                                                                                                                                                                                                                                                                                                                                                                                                                                                            12428490134201  124284901342011242849013420112428490134201
                                                                                                                                                                                                                                                                                                                                                                                                                                                                                                                                                                                                                                                                                                                                                                                                                                                                                                                                                                                                                                                                                                                                                                            1242849013420112428490134201
                                                                                                                                                                                                                                                                                                                                                                                                                                                                                                                                                                                                                                                                                                                                                                                                                                                                                                                                                                                                                                                                                                                                                                            1242849013420112428490134201124284901342011242849013420112428490134201124284901342011242849013420112428490134201  124284901342011242849013420112428490134201
                                                                                                                                                                                                                                                                                                                                                                                                                                                                                                                                                                                                                                                                                                                                                                                                                                                                                                                                                                                                                                                                                                                                                                                            12428490134201          12428490134201
                                                                                                                                                                                                                                                                                                                                                                                                                                                                                                                                                                                                                                                                                                                                                                                                                                                                                                                                                                                                                                                                                                                                                                                                        12428490134201  124284901342011242849013420112428490134201
                                                                                                                                                                                                                                                                                                                                                                                                                                                                                                                                                                                                                                                                                                                                                                                                                                                                                                                                                                                                                                                                                                                                                                                                                        1242849013420112428490134201
                                                                                                                                                                                                                                                                                                                                                                                                                                                                                                                                                                                                                                                                                                                                                                                                                                                                                                                                                                                                                                                                                                                                                                                                                        1242849013420112428490134201124284901342011242849013420112428490134201124284901342011242849013420112428490134201  124284901342011242849013420112428490134201
                                                                                                                                                                                                                                                                                                                                                                                                                                                                                                                                                                                                                                                                                                                                                                                                                                                                                                                                                                                                                                                                                                                                                                                                                                        12428490134201          12428490134201
                                                                                                                                                                                                                                                                                                                                                                                                                                                                                                                                                                                                                                                                                                                                                                                                                                                                                                                                                                                                                                                                                                                                                                                                                                                    12428490134201124284901342011242849013420112428490134201
                                                                                                                                                                                                                                                                                                                                                                                                                                                                                                                                                                                                                                                                                                                                                                                                                                                                                                                                                                                                                                                                                                                                                                                                                                                                  1242849013420112428490134201
                                                                                                                                                                                                                                                                                                                                                                                                                                                                                                                                                                                                                                                                                                                                                                                                                                                                                                                                                                                                                                                                                                                                                                                                                                                                  1242849013420112428490134201124284901342011242849013420112428490134201124284901342011242849013420112428490134201  124284901342011242849013420112428490134201
                                                                                                                                                                                                                                                                                                                                                                                                                                                                                                                                                                                                                                                                                                                                                                                                                                                                                                                                                                                                                                                                                                                                                                                                                                                                                  12428490134201          12428490134201
                                                                                                                                                                                                                                                                                                                                                                                                                                                                                                                                                                                                                                                                                                                                                                                                                                                                                                                                                                                                                                                                                                                                                                                                                                                                                              12428490134201  124284901342011242849013420112428490134201
                                                                                                                                                                                                                                                                                                                                                                                                                                                                                                                                                                                                                                                                                                                                                                                                                                                                                                                                                                                                                                                                                                                                                                                                                                                                                                              1242849013420112428490134201
                                                                                                                                                                                                                                                                                                                                                                                                                                                                                                                                                                                                                                                                                                                                                                                                                                                                                                                                                                                                                                                                                                                                                                                                                                                                                                              1242849013420112428490134201124284901342011242849013420112428490134201124284901342011242849013420112428490134201  124284901342011242849013420112428490134201
                                                                                                                                                                                                                                                                                                                                                                                                                                                                                                                                                                                                                                                                                                                                                                                                                                                                                                                                                                                                                                                                                                                                                                                                                                                                                                                              12428490134201          12428490134201
                                                                                                                                                                                                                                                                                                                                                                                                                                                                                                                                                                                                                                                                                                                                                                                                                                                                                                                                                                                                                                                                                                                                                                                                                                                                                                                                          12428490134201  124284901342011242849013420112428490134201
                                                                                                                                                                                                                                                                                                                                                                                                                                                                                                                                                                                                                                                                                                                                                                                                                                                                                                                                                                                                                                                                                                                                                                                                                                                                                                                                                          1242849013420112428490134201
                                                                                                                                                                                                                                                                                                                                                                                                                                                                                                                                                                                                                                                                                                                                                                                                                                                                                                                                                                                                                                                                                                                                                                                                                                                                                                                                                          1242849013420112428490134201124284901342011242849013420112428490134201124284901342011242849013420112428490134201  124284901342011242849013420112428490134201
                                                                                                                                                                                                                                                                                                                                                                                                                                                                                                                                                                                                                                                                                                                                                                                                                                                                                                                                                                                                                                                                                                                                                                                                                                                                                                                                                                          12428490134201          12428490134201
                                                                                                                                                                                                                                                                                                                                                                                                                                                                                                                                                                                                                                                                                                                                                                                                                                                                                                                                                                                                                                                                                                                                                                                                                                                                                                                                                                                      12428490134201  124284901342011242849013420112428490134201
                                                                                                                                                                                                                                                                                                                                                                                                                                                                                                                                                                                                                                                                                                                                                                                                                                                                                                                                                                                                                                                                                                                                                                                                                                                                                                                                                                                                      1242849013420112428490134201
                                                                                                                                                                                                                                                                                                                                                                                                                                                                                                                                                                                                                                                                                                                                                                                                                                                                                                                                                                                                                                                                                                                                                                                                                                                                                                                                                                                                      1242849013420112428490134201124284901342011242849013420112428490134201124284901342011242849013420112428490134201  124284901342011242849013420112428490134201
                                                                                                                                                                                                                                                                                                                                                                                                                                                                                                                                                                                                                                                                                                                                                                                                                                                                                                                                                                                                                                                                                                                                                                                                                                                                                                                                                                                                                      12428490134201          12428490134201
                                                                                                                                                                                                                                                                                                                                                                                                                                                                                                                                                                                                                                                                                                                                                                                                                                                                                                                                                                                                                                                                                                                                                                                                                                                                                                                                                                                                                                  12428490134201